15353637392
15929808881
15809184292
13484922252
17792919139
18092546651
13152172910
13572801737
15686273305
13389227051
13991868181
13991181582
18991285806
13909180272
18091803155
13669229668
15934816836
13572127119
15388625748
13228058212
13991825426
13909239969
18691858798
13891434045
18066538888
13572926440
13991917389
13991291233
18991850597
13909213293
13709118508
17791568539
13572229917
15399095648
13259362898
13991828438
13909251452
18691863803
13891576046
18066662532
13572937075
15829058014
13399183888
15114830855
13152137902
13991345666
18992801198
13909216012
18629326888
13709296617
17792263125
13572513985
15592992220
13389221559
13991842801
13909267180
18729200326
13891810329
18066829806
13619263683
13991813638
13909234637
18681887516
13809158701
